v1 v2
0 2
0 93
0 94
0 96
1 2
1 3
1 24
1 25
1 26
1 96
2 3
2 4
2 24
2 25
2 96
2 97
2 98
3 4
3 5
3 22
3 23
3 24
3 25
3 87
3 88
3 89
3 96
3 97
3 98
3 99
4 5
4 6
4 22
4 23
4 24
4 98
4 99
5 6
5 7
5 8
5 20
5 21
5 22
5 23
5 86
5 87
5 98
5 99
5 100
5 101
6 7
6 8
6 20
6 21
6 22
6 100
6 101
7 8
7 9
7 10
7 20
7 21
7 101
8 9
8 10
8 100
8 101
8 102
9 10
9 11
9 101
9 102
9 103
9 104
10 11
10 12
10 101
10 102
10 103
10 104
11 12
11 13
11 103
11 104
11 105
11 106
12 13
12 14
12 16
12 18
12 104
12 105
12 106
13 14
13 15
13 16
13 77
13 105
13 106
13 107
14 15
14 16
14 76
14 77
14 78
14 79
14 105
14 106
15 16
15 17
15 75
15 76
15 77
15 78
16 17
16 18
16 75
16 76
16 77
17 18
17 19
17 73
17 74
17 75
17 76
17 77
18 19
18 20
18 73
18 74
18 75
19 20
19 21
19 71
19 72
19 73
19 74
20 21
20 22
20 71
20 72
20 73
20 101
21 22
21 23
21 69
21 70
21 71
21 72
22 23
22 24
22 68
22 69
22 70
22 71
22 87
22 98
23 24
23 25
23 68
23 69
23 70
24 25
24 26
24 27
24 28
24 68
24 69
25 26
25 27
25 68
26 27
26 28
26 68
27 28
27 29
27 67
27 68
28 29
28 30
28 31
28 32
28 66
28 67
28 68
28 89
28 90
28 91
28 92
29 30
29 31
29 66
29 67
29 68
29 91
30 31
30 32
30 49
30 50
30 65
30 66
30 67
30 91
31 32
31 33
31 48
31 49
31 50
31 89
31 90
31 91
31 315
31 316
32 33
32 34
32 47
32 48
32 49
32 50
32 70
32 87
32 88
32 89
32 90
32 91
33 34
33 35
33 45
33 46
33 47
33 48
33 49
33 50
33 87
33 88
33 89
33 90
33 317
34 35
34 36
34 45
34 46
34 47
34 48
34 72
34 85
34 86
34 87
34 88
35 36
35 37
35 43
35 44
35 45
35 46
35 47
35 85
35 86
35 87
36 37
36 38
36 43
36 44
36 45
36 46
36 81
36 83
36 84
36 85
36 86
37 38
37 39
37 40
37 41
37 42
37 43
37 44
37 83
37 84
37 85
38 39
38 40
38 41
38 42
38 43
38 80
38 81
38 82
38 83
38 84
39 40
39 41
39 83
39 84
40 41
40 42
41 42
41 43
42 43
42 44
42 321
42 322
42 323
43 44
43 45
43 321
44 45
44 46
44 319
44 320
44 321
45 46
45 47
45 48
45 54
45 317
45 318
45 319
45 320
46 47
46 48
46 53
46 54
46 55
46 57
47 48
47 49
47 50
47 51
47 52
47 53
47 54
47 63
48 49
48 50
48 51
48 52
48 53
48 54
48 315
48 317
49 50
49 51
49 52
49 315
50 51
50 52
50 63
50 64
50 65
50 66
50 70
51 52
51 53
51 62
51 63
51 64
51 65
52 53
52 54
52 63
53 54
53 55
53 57
53 61
53 62
53 63
54 55
54 56
54 57
55 56
55 57
56 57
56 58
57 58
57 59
57 60
57 61
58 59
58 60
58 61
59 60
59 61
59 62
60 61
60 62
60 73
60 74
60 75
60 76
61 62
61 63
61 72
61 73
61 74
61 75
62 63
62 64
62 72
62 73
62 74
63 64
63 65
63 70
63 71
63 72
63 73
64 65
64 66
64 70
64 71
64 72
65 66
65 67
65 68
65 69
65 70
65 71
66 67
66 68
66 69
66 70
67 68
67 69
67 70
68 69
68 70
69 70
69 71
70 71
70 72
71 72
71 73
72 73
72 74
73 74
73 75
74 75
74 76
74 77
75 76
75 77
76 77
76 78
77 78
77 79
77 81
78 79
78 80
78 81
79 80
79 81
79 82
80 81
80 82
80 83
81 82
81 83
81 103
82 83
82 84
82 102
82 103
82 104
82 105
83 84
83 85
83 102
83 103
84 85
84 86
84 100
84 101
84 102
84 103
85 86
85 87
85 100
85 101
85 102
85 103
86 87
86 88
86 97
86 98
86 99
86 100
86 101
87 88
87 89
87 97
87 98
87 100
88 89
88 90
88 95
88 96
88 97
88 98
89 90
89 91
89 92
89 95
89 96
89 97
90 91
90 92
90 93
90 95
90 96
90 315
90 316
90 317
91 92
91 93
91 95
91 316
92 93
92 94
92 95
93 94
93 95
93 96
93 274
94 95
94 96
94 260
94 273
94 274
95 96
95 97
95 259
95 260
96 97
96 98
96 258
96 259
96 260
97 98
97 99
97 258
97 259
98 99
98 100
99 100
99 101
99 257
99 258
100 101
100 102
100 257
101 102
101 103
102 103
102 104
103 104
103 105
104 105
104 106
104 165
105 106
105 107
105 170
106 107
106 108
106 170
107 108
107 109
107 139
107 170
108 109
108 110
108 139
109 110
109 111
109 138
109 139
109 140
109 199
110 111
110 112
110 137
110 138
110 139
110 140
110 171
110 199
111 112
111 113
111 137
111 138
111 139
111 199
111 200
112 113
112 114
112 135
112 136
112 137
112 138
112 139
112 173
113 114
113 115
113 134
113 135
113 136
113 137
113 138
114 115
114 116
114 133
114 134
114 135
114 136
114 204
114 205
114 206
115 116
115 117
115 133
115 134
115 135
115 206
115 344
115 355
116 117
116 118
116 131
116 132
116 133
116 134
116 193
116 206
116 207
116 208
116 344
116 345
117 118
117 119
117 131
117 132
117 133
117 342
117 343
117 344
117 345
118 119
118 120
118 130
118 131
118 132
118 208
118 213
118 342
118 344
118 345
119 120
119 121
119 123
119 124
119 129
119 130
119 131
119 132
119 342
120 121
120 122
120 123
120 124
120 129
120 340
120 341
120 342
120 343
121 122
121 123
121 124
121 125
122 123
122 124
122 125
122 126
122 340
123 124
123 125
123 126
123 127
123 128
123 129
123 340
124 125
124 126
124 127
124 128
124 129
124 182
125 126
125 127
125 128
126 127
126 128
127 128
127 129
127 181
127 182
128 129
128 130
128 179
128 180
128 181
128 182
129 130
129 131
129 179
129 180
129 181
129 182
129 185
130 131
130 132
130 177
130 178
130 179
130 180
131 132
131 133
131 177
131 178
131 179
132 133
132 134
132 175
132 176
132 177
132 178
133 134
133 135
133 175
133 176
133 177
133 193
134 135
134 136
134 173
134 174
134 175
134 176
134 398
135 136
135 137
135 138
135 173
135 174
135 175
135 176
136 137
136 138
136 172
136 173
136 174
137 138
137 139
137 169
137 171
137 172
137 173
138 139
138 140
138 141
138 171
138 172
138 173
139 140
139 141
139 142
139 170
139 171
139 172
140 141
140 142
140 143
140 171
140 172
140 198
141 142
141 143
141 172
142 143
142 144
142 197
142 198
143 144
143 145
143 195
143 196
143 197
143 198
144 145
144 146
144 195
144 196
144 197
145 146
145 147
145 176
145 193
145 194
145 195
145 196
146 147
146 148
146 154
146 155
146 193
146 194
146 195
147 148
147 149
147 153
147 154
147 155
147 178
147 191
147 192
147 193
147 194
148 149
148 150
148 151
148 152
148 153
148 154
148 155
148 191
148 192
148 193
148 194
149 150
149 151
149 152
149 153
149 154
149 155
149 188
149 189
149 190
149 191
149 192
150 151
150 152
150 153
150 188
150 189
150 190
150 191
151 152
151 153
151 190
152 153
152 154
152 192
153 154
153 155
154 155
154 156
155 156
155 157
155 158
156 157
156 158
157 158
157 159
157 178
157 179
158 159
158 160
158 176
158 177
158 178
158 179
159 160
159 161
159 176
159 177
159 178
160 161
160 162
160 174
160 175
160 176
160 177
161 162
161 163
161 174
161 175
161 176
161 384
161 385
161 386
161 387
162 163
162 164
162 172
162 173
162 174
162 175
162 384
162 385
163 164
163 165
163 166
163 172
163 173
163 174
163 383
163 384
163 385
164 165
164 166
164 172
165 166
165 167
165 170
165 171
165 172
166 167
166 168
166 169
166 170
166 171
166 172
167 168
167 169
167 170
168 169
168 170
169 170
169 171
170 171
170 172
171 172
171 173
172 173
172 174
173 174
173 175
173 382
174 175
174 176
174 384
175 176
175 177
175 384
175 396
176 177
176 178
177 178
177 179
178 179
178 180
179 180
179 181
180 181
180 182
180 184
180 185
181 182
181 183
181 184
181 185
182 183
182 184
182 185
182 186
183 184
183 185
183 186
183 187
184 185
184 186
184 187
184 188
185 186
185 187
185 188
186 187
186 188
186 189
187 188
187 189
188 189
188 190
188 210
189 190
189 191
189 209
189 210
189 211
190 191
190 192
190 207
190 208
190 209
190 210
191 192
191 193
191 207
191 208
191 209
191 210
192 193
192 194
192 205
192 206
192 207
192 208
193 194
193 195
193 205
193 206
193 207
194 195
194 196
194 203
194 204
194 205
194 206
195 196
195 197
195 203
195 204
195 205
196 197
196 198
196 200
196 201
196 202
196 203
196 204
197 198
197 199
197 200
197 201
197 203
198 199
198 200
198 201
199 200
199 201
200 201
200 202
200 203
200 204
201 202
201 203
202 203
202 204
203 204
203 205
204 205
204 206
205 206
205 207
206 207
206 208
207 208
207 209
208 209
208 210
208 345
208 347
209 210
209 211
209 212
209 213
210 211
210 212
210 213
211 212
211 213
212 213
212 346
212 433
212 434
213 345
213 346
213 431
213 432
213 433
213 434
214 215
214 216
214 238
214 239
215 216
215 217
215 237
215 238
215 239
215 240
215 320
216 217
216 218
216 237
216 238
216 239
216 320
216 321
216 322
217 218
217 219
217 235
217 236
217 237
217 238
217 309
217 310
217 320
217 321
217 322
217 323
218 219
218 220
218 235
218 236
218 237
218 322
218 323
218 324
219 220
219 221
219 233
219 234
219 235
219 236
219 308
219 309
219 322
219 323
219 324
219 325
220 221
220 222
220 233
220 234
220 235
220 236
220 324
220 325
221 222
221 223
221 232
221 233
221 234
221 325
222 223
222 224
222 231
222 232
222 233
222 325
222 326
222 327
223 224
223 225
223 325
223 326
223 327
223 328
224 225
224 226
224 327
224 328
224 329
224 330
225 226
225 227
225 229
225 230
225 231
225 327
225 328
225 329
225 330
226 227
226 228
226 229
226 329
226 330
226 331
226 332
227 228
227 229
227 298
227 299
227 300
227 301
227 329
227 330
227 331
228 229
228 230
228 297
228 298
228 299
228 300
229 230
229 231
229 297
229 298
229 299
230 231
230 232
230 295
230 296
230 297
230 298
230 299
231 232
231 233
231 295
231 296
231 297
232 233
232 234
232 293
232 294
232 295
232 296
233 234
233 235
233 293
233 294
233 295
233 296
234 235
234 236
234 291
234 292
234 293
234 294
235 236
235 237
235 291
235 292
235 293
235 309
235 322
236 237
236 238
236 290
236 291
236 292
237 238
237 239
237 240
237 242
237 290
237 291
237 292
238 239
238 240
238 242
238 290
239 240
239 241
240 241
240 242
241 242
241 243
241 244
241 245
242 243
242 244
242 245
242 287
242 290
243 244
243 245
243 266
243 267
243 287
243 288
243 290
244 245
244 246
244 266
245 246
245 247
245 265
245 266
245 311
245 312
245 313
246 247
246 248
246 263
246 264
246 265
246 266
246 311
246 312
247 248
247 249
247 263
247 264
247 265
247 266
247 292
247 309
247 310
247 311
247 312
248 249
248 250
248 260
248 261
248 262
248 263
248 264
248 309
248 310
248 311
248 312
248 318
249 250
249 251
249 260
249 261
249 262
249 263
249 283
249 294
249 307
249 308
249 309
249 310
250 251
250 252
250 258
250 259
250 260
250 261
250 262
250 307
250 308
250 309
250 310
251 252
251 253
251 258
251 259
251 260
251 261
251 305
251 306
251 307
251 308
252 253
252 254
252 255
252 256
252 257
252 258
252 259
252 305
252 306
252 307
253 254
253 255
253 256
253 257
253 258
253 259
253 303
253 304
253 305
253 306
254 255
254 256
254 257
254 304
254 305
254 306
255 256
255 257
256 257
256 258
257 258
257 259
258 259
258 260
259 260
259 261
260 261
260 262
260 274
261 262
261 263
261 273
261 274
261 277
262 263
262 264
262 271
262 272
262 273
262 274
262 283
263 264
263 265
263 271
263 272
263 273
263 283
264 265
264 266
264 268
264 269
264 270
264 271
264 272
264 283
264 284
265 266
265 267
265 268
265 269
265 270
265 271
266 267
266 268
267 268
267 269
267 287
268 269
268 270
268 271
268 284
268 285
269 270
269 271
270 271
270 272
271 272
271 273
271 283
272 273
272 274
273 274
273 275
273 276
273 277
273 278
273 281
274 275
274 276
274 277
274 278
275 276
275 277
275 278
276 277
276 278
277 278
277 279
277 280
277 281
278 279
278 280
278 281
279 280
279 281
279 282
280 281
280 282
280 295
280 296
280 297
280 298
280 299
281 282
281 283
281 294
281 295
281 296
281 297
282 283
282 284
282 294
282 295
282 296
283 284
283 285
283 292
283 293
283 294
283 295
284 285
284 286
284 292
284 293
284 294
284 295
285 286
285 287
285 290
285 291
285 292
285 293
286 287
286 288
286 289
286 290
286 291
286 292
287 288
287 289
287 290
287 291
288 289
288 290
288 291
289 290
289 291
290 291
290 292
291 292
291 293
292 293
292 294
292 309
293 294
293 295
294 295
294 296
295 296
295 297
296 297
296 298
296 299
297 298
297 299
298 299
298 300
299 300
299 301
299 303
299 329
300 301
300 302
300 303
300 304
300 329
301 302
301 303
301 304
301 328
301 329
301 330
302 303
302 304
303 304
303 305
303 327
303 328
303 329
304 305
304 306
304 326
304 327
304 328
304 329
305 306
305 307
305 326
305 327
305 328
306 307
306 308
306 324
306 325
306 326
306 327
307 308
307 309
307 324
307 325
307 326
307 327
308 309
308 310
308 321
308 322
308 323
308 324
308 325
309 310
309 311
309 321
309 322
309 324
310 311
310 312
310 318
310 319
310 320
310 321
310 322
311 312
311 313
311 317
311 318
311 319
311 320
311 321
312 313
312 314
312 315
312 316
312 317
312 318
312 319
312 320
313 314
313 315
313 316
313 317
313 318
313 319
313 320
314 315
314 316
314 317
314 318
314 319
315 316
315 317
316 317
316 318
317 318
317 319
318 319
318 320
318 321
319 320
319 321
320 321
320 322
321 322
321 323
322 323
322 324
323 324
323 325
324 325
324 326
325 326
325 327
326 327
326 328
327 328
327 329
328 329
328 330
329 330
329 331
330 331
330 332
331 332
331 333
332 333
332 334
332 391
333 334
333 335
333 364
334 335
334 336
334 363
334 364
334 365
334 419
334 420
335 336
335 337
335 362
335 363
335 364
335 365
335 392
335 420
336 337
336 338
336 362
336 363
336 364
336 417
336 420
336 422
337 338
337 339
337 360
337 361
337 362
337 363
337 364
337 417
338 339
338 340
338 360
338 361
338 362
338 363
339 340
339 341
339 358
339 359
339 360
339 361
339 415
339 424
339 426
340 341
340 342
340 358
340 359
340 360
340 426
341 342
341 343
341 357
341 358
341 359
341 413
341 426
341 427
341 428
341 429
342 343
342 344
342 356
342 357
342 358
342 359
342 428
343 344
343 345
343 356
343 357
343 358
343 428
343 429
343 430
343 431
344 345
344 346
344 348
344 349
344 354
344 355
344 356
344 430
344 431
345 346
345 347
345 348
345 349
345 431
346 347
346 348
346 431
346 432
346 433
347 348
347 349
348 349
348 350
349 350
349 351
350 351
350 352
350 354
351 352
351 353
351 354
352 353
352 354
352 401
352 402
352 403
352 404
353 354
353 355
353 400
353 401
353 402
354 355
354 356
354 400
354 401
354 402
355 356
355 357
355 398
355 399
355 400
355 401
356 357
356 358
356 398
356 399
356 400
356 401
357 358
357 359
357 396
357 397
357 398
357 399
357 413
358 359
358 360
358 396
358 397
358 398
358 413
359 360
359 361
359 394
359 395
359 396
359 397
360 361
360 362
360 363
360 394
360 395
360 396
361 362
361 363
361 393
361 394
361 395
362 363
362 364
362 392
362 393
362 394
363 364
363 365
363 366
363 392
363 393
363 394
364 365
364 366
364 367
364 391
364 392
364 393
364 419
365 366
365 367
365 392
365 393
365 419
366 367
366 368
366 393
367 368
367 369
367 417
367 418
368 369
368 370
368 415
368 416
368 417
368 418
369 370
369 371
369 414
369 415
369 416
369 417
370 371
370 372
370 383
370 397
370 413
370 414
370 415
370 416
371 372
371 373
371 374
371 375
371 377
371 378
371 413
371 414
371 415
372 373
372 374
372 375
372 376
372 377
372 378
372 411
372 412
372 413
372 414
373 374
373 375
373 376
373 377
373 411
373 412
373 413
373 414
374 375
374 376
374 377
374 412
374 414
375 376
375 377
375 378
376 377
376 378
377 378
377 379
377 381
378 379
378 380
378 381
379 380
379 381
380 381
380 382
380 399
380 400
380 401
381 382
381 383
381 397
381 398
381 399
381 400
382 383
382 384
382 397
382 398
382 399
383 384
383 385
383 395
383 396
383 397
383 398
384 385
384 386
384 395
384 396
384 397
385 386
385 387
385 395
386 387
386 388
386 393
386 394
386 395
386 396
387 388
387 389
387 393
387 394
387 395
388 389
388 390
388 391
388 392
388 393
388 394
389 390
389 391
389 392
389 393
389 394
390 391
390 392
390 393
391 392
391 393
392 393
392 394
393 394
393 395
394 395
394 396
395 396
395 397
396 397
396 398
397 398
397 399
398 399
398 400
399 400
399 401
400 401
400 402
401 402
401 403
401 405
401 406
402 403
402 404
402 405
403 404
403 405
403 406
404 405
404 406
404 407
404 408
405 406
405 407
405 408
405 409
406 407
406 408
406 409
406 410
406 411
407 408
407 409
407 410
407 430
408 409
408 410
409 410
409 411
410 411
410 412
410 427
410 428
411 412
411 413
411 427
411 428
412 413
412 414
412 425
412 426
412 427
412 428
413 414
413 415
413 424
413 425
413 426
413 427
413 428
414 415
414 416
414 423
414 424
414 425
414 426
415 416
415 417
415 422
415 423
415 424
415 425
416 417
416 418
416 421
416 422
416 423
416 424
417 418
417 419
417 420
417 421
417 422
417 423
418 419
418 420
418 421
418 422
419 420
419 421
420 421
420 422
421 422
421 423
422 423
422 424
423 424
423 425
424 425
424 426
425 426
425 427
426 427
426 428
427 428
427 429
428 429
428 430
429 430
429 431
430 431
430 432
431 432
431 433
432 433
432 434
433 434
433 435
434 435
434 436
435 436
435 437
436 437
436 438
437 438
437 439
437 1094
437 1095
437 1096
438 439
438 440
438 1095
438 1096
438 1097
438 1099
439 440
439 441
439 1095
439 1096
440 441
440 442
440 443
440 1099
441 442
441 443
441 444
441 1098
441 1099
441 1101
442 443
442 444
443 444
443 445
443 1098
443 1099
443 1101
444 445
444 446
444 447
444 1098
445 446
445 447
446 447
446 448
447 448
447 449
448 449
448 450
449 450
449 451
450 451
450 452
451 452
451 453
451 479
451 480
451 541
451 542
452 453
452 454
452 477
452 478
452 479
452 480
452 481
453 454
453 455
453 477
453 478
453 479
454 455
454 456
454 475
454 476
454 477
454 478
454 537
454 546
454 547
454 548
455 456
455 457
455 475
455 476
455 477
455 548
456 457
456 458
456 473
456 474
456 475
456 476
456 535
456 548
456 549
456 550
457 458
457 459
457 473
457 474
457 475
457 550
458 459
458 460
458 472
458 473
458 474
458 550
458 551
459 460
459 461
459 463
459 464
459 471
459 472
459 473
459 474
460 461
460 462
460 463
460 464
460 471
461 462
461 463
461 464
461 465
461 590
461 591
461 592
461 643
462 463
462 464
462 465
462 466
462 469
462 591
462 592
462 642
463 464
463 465
463 466
463 467
463 468
463 469
463 470
463 471
463 524
464 465
464 466
464 467
464 469
464 470
464 471
464 524
464 525
464 527
465 466
465 467
465 524
465 642
465 643
465 644
465 649
466 467
466 468
466 469
466 470
467 468
467 469
467 470
467 524
468 469
468 470
469 470
469 471
470 471
470 472
470 521
470 522
470 523
470 524
471 472
471 473
471 521
471 522
471 523
471 524
472 473
472 474
472 519
472 520
472 521
472 522
473 474
473 475
473 519
473 520
473 521
473 522
473 533
474 475
474 476
474 517
474 518
474 519
474 520
475 476
475 477
475 517
475 518
475 519
475 535
476 477
476 478
476 515
476 516
476 517
476 518
477 478
477 479
477 480
477 515
477 516
477 517
478 479
478 480
478 514
478 515
478 516
479 480
479 481
479 513
479 514
479 515
480 481
480 482
480 484
480 485
480 513
480 514
480 515
480 516
481 482
481 483
481 484
481 485
481 513
481 514
482 483
482 484
482 485
482 513
482 514
483 484
483 485
484 485
484 486
484 487
485 486
485 487
485 514
486 487
486 488
486 539
487 488
487 489
487 537
487 538
487 539
488 489
488 490
488 537
488 538
488 539
489 490
489 491
489 518
489 535
489 536
489 537
489 538
490 491
490 492
490 497
490 499
490 535
490 536
490 537
491 492
491 493
491 497
491 498
491 499
491 500
491 503
491 520
491 533
491 534
491 535
491 536
492 493
492 494
492 495
492 496
492 497
492 498
492 499
492 533
492 534
492 535
492 536
493 494
493 495
493 496
493 497
493 498
493 531
493 532
493 533
493 534
494 495
494 496
494 531
494 532
494 533
494 534
495 496
495 497
495 532
495 533
495 534
496 497
496 498
497 498
497 499
498 499
498 500
498 501
499 500
499 501
499 503
500 501
500 502
500 503
501 502
501 503
501 520
501 521
502 503
502 504
502 520
502 521
503 504
503 505
503 518
503 519
503 520
503 521
504 505
504 506
504 518
504 519
504 520
505 506
505 507
505 516
505 517
505 518
505 519
506 507
506 508
506 516
506 517
506 518
507 508
507 509
507 514
507 515
507 516
507 517
508 509
508 510
508 514
508 515
508 516
508 517
509 510
509 511
509 512
509 513
509 514
509 515
510 511
510 512
510 513
510 514
510 515
511 512
511 513
512 513
512 514
513 514
513 515
514 515
514 516
515 516
515 517
516 517
516 518
517 518
517 519
518 519
518 520
519 520
519 521
520 521
520 522
521 522
521 523
522 523
522 524
522 526
522 527
523 524
523 525
523 526
523 527
524 525
524 526
524 527
524 528
525 526
525 527
525 528
525 529
526 527
526 528
526 529
526 530
526 531
527 528
527 529
527 530
527 531
527 532
527 551
527 552
528 529
528 530
528 531
528 552
529 530
529 531
530 531
530 532
530 551
530 552
530 553
530 554
531 532
531 533
531 551
531 552
532 533
532 534
532 549
532 550
532 551
532 552
533 534
533 535
533 549
533 550
533 551
534 535
534 536
534 547
534 548
534 549
534 550
535 536
535 537
535 547
535 548
535 549
536 537
536 538
536 545
536 546
536 547
536 548
537 538
537 539
537 545
537 546
537 547
538 539
538 540
538 542
538 544
538 545
538 546
539 540
539 541
539 542
539 545
540 541
540 542
540 543
541 542
541 543
542 543
542 544
542 545
542 546
543 544
543 545
544 545
544 546
545 546
545 547
546 547
546 548
547 548
547 549
548 549
548 550
549 550
549 551
550 551
550 552
551 552
551 553
552 553
552 554
553 554
553 555
554 555
554 556
555 556
555 557
555 588
556 557
556 558
556 587
556 588
557 558
557 559
557 586
557 587
557 588
557 644
557 645
558 559
558 560
558 585
558 586
558 587
558 588
558 617
558 645
559 560
559 561
559 585
559 586
559 587
559 643
559 644
559 645
559 646
560 561
560 562
560 583
560 584
560 585
560 586
560 587
560 643
560 645
560 646
561 562
561 563
561 583
561 584
561 585
561 586
562 563
562 564
562 581
562 582
562 583
562 584
562 641
562 653
563 564
563 565
563 581
563 582
563 583
563 653
563 1226
563 1228
564 565
564 566
564 579
564 580
564 581
564 582
564 639
564 653
564 654
564 655
564 1226
565 566
565 567
565 579
565 580
565 581
565 582
565 1223
565 1225
565 1226
566 567
566 568
566 578
566 579
566 580
567 568
567 569
567 571
567 572
567 577
567 578
567 579
567 580
568 569
568 570
568 571
568 572
568 578
568 1221
568 1222
568 1223
569 570
569 571
569 572
570 571
570 572
570 573
571 572
571 573
571 574
571 577
572 573
572 574
572 577
572 628
573 574
573 575
574 575
574 576
574 577
574 628
575 576
575 577
575 627
575 628
575 629
576 577
576 578
576 625
576 626
576 627
576 628
577 578
577 579
577 625
577 626
577 627
577 628
577 631
578 579
578 580
578 623
578 624
578 625
578 626
579 580
579 581
579 623
579 624
579 625
579 626
580 581
580 582
580 621
580 622
580 623
580 624
581 582
581 583
581 621
581 622
581 623
581 639
582 583
582 584
582 619
582 620
582 621
582 622
583 584
583 585
583 619
583 620
583 621
584 585
584 586
584 617
584 618
584 619
584 620
585 586
585 587
585 613
585 617
585 618
585 619
586 587
586 588
586 589
586 617
586 618
586 619
587 588
587 589
587 590
587 617
587 618
587 645
588 589
588 590
588 591
588 617
588 618
589 590
589 591
589 610
589 618
590 591
590 592
590 643
591 592
591 593
591 641
591 642
591 643
591 644
592 593
592 594
592 641
592 642
592 643
593 594
593 595
593 607
593 622
593 639
593 640
593 641
593 642
594 595
594 596
594 601
594 602
594 605
594 622
594 639
594 640
594 641
595 596
595 597
595 601
595 602
595 603
595 605
595 624
595 637
595 638
595 639
595 640
596 597
596 598
596 599
596 600
596 601
596 602
596 636
596 637
596 638
596 639
596 640
597 598
597 599
597 600
597 601
597 602
597 635
597 636
597 637
597 638
598 599
598 600
598 635
598 636
598 637
599 600
599 601
600 601
600 602
601 602
601 603
602 603
602 604
602 605
603 604
603 605
604 605
604 606
604 624
604 625
604 626
604 1272
605 606
605 607
605 622
605 623
605 624
605 625
606 607
606 608
606 622
606 623
606 624
606 1271
607 608
607 609
607 620
607 621
607 622
607 623
607 1269
608 609
608 610
608 620
608 621
608 622
608 1266
608 1267
608 1268
608 1269
608 1278
609 610
609 611
609 620
609 1266
609 1267
610 611
610 612
610 618
610 619
610 620
610 1266
611 612
611 613
611 618
611 619
611 620
611 1264
611 1265
611 1266
612 613
612 614
612 616
612 617
612 618
612 619
613 614
613 615
613 616
613 617
613 618
613 619
613 1264
614 615
614 616
614 617
614 1262
614 1264
615 616
615 617
616 617
616 618
617 618
617 619
618 619
618 620
619 620
619 621
620 621
620 622
620 1266
621 622
621 623
621 1279
622 623
622 624
623 624
623 625
624 625
624 626
625 626
625 627
626 627
626 628
626 630
626 631
627 628
627 629
627 630
627 631
628 629
628 630
628 631
628 632
629 630
629 631
629 632
629 633
630 631
630 632
630 633
630 634
630 635
631 632
631 633
631 634
631 635
632 633
632 634
633 634
633 635
634 635
634 636
634 657
635 636
635 637
636 637
636 638
636 654
637 638
637 639
637 654
637 655
638 639
638 640
638 652
638 653
638 654
638 655
639 640
639 641
639 652
639 653
639 654
640 641
640 642
640 650
640 651
640 652
640 653
641 642
641 643
641 650
641 651
641 652
642 643
642 644
642 646
642 649
642 650
642 651
643 644
643 645
643 646
643 649
643 650
644 645
644 646
644 647
644 649
645 646
645 647
645 649
646 647
646 648
646 649
646 650
646 651
647 648
647 649
647 650
647 651
648 649
648 650
649 650
649 651
650 651
650 652
651 652
651 653
652 653
652 654
653 654
653 655
654 655
654 656
655 656
655 657
656 657
658 659
658 660
658 751
658 752
658 754
659 660
659 661
659 682
659 683
659 684
659 750
659 752
659 754
660 661
660 662
660 682
660 683
660 754
660 755
660 756
661 662
661 663
661 680
661 681
661 682
661 683
661 745
661 746
661 747
661 754
661 755
661 756
661 757
662 663
662 664
662 680
662 681
662 682
662 756
662 757
663 664
663 665
663 666
663 678
663 679
663 680
663 681
663 745
663 756
663 757
663 758
663 759
664 665
664 666
664 667
664 678
664 679
664 680
664 759
665 666
665 667
665 668
665 678
665 679
665 759
666 667
666 668
666 757
666 758
666 759
666 760
667 668
667 669
667 759
667 760
667 761
668 669
668 670
668 759
668 760
668 761
668 762
669 670
669 671
669 761
669 762
669 763
669 764
670 671
670 672
670 674
670 761
670 762
670 763
670 764
671 672
671 673
671 674
671 735
671 763
671 764
671 765
672 673
672 674
672 734
672 735
672 736
672 737
672 763
672 764
672 765
673 674
673 675
673 733
673 734
673 735
673 736
674 675
674 676
674 733
674 734
674 735
675 676
675 677
675 731
675 732
675 733
675 734
675 735
676 677
676 678
676 730
676 731
676 732
676 733
676 735
677 678
677 679
677 729
677 730
677 731
677 732
678 679
678 680
678 729
678 730
678 731
678 759
679 680
679 681
679 727
679 728
679 729
679 730
680 681
680 682
680 727
680 728
680 729
680 745
680 756
681 682
681 683
681 726
681 727
681 728
682 683
682 684
682 685
682 686
682 726
682 727
683 684
683 685
683 726
684 685
684 686
684 726
685 686
685 687
685 725
685 726
686 687
686 688
686 689
686 690
686 724
686 725
686 726
686 747
686 748
686 749
686 750
687 688
687 689
687 724
687 725
687 726
687 749
688 689
688 690
688 707
688 708
688 724
688 725
689 690
689 691
689 706
689 707
689 708
689 747
689 748
689 749
689 973
689 974
690 691
690 692
690 705
690 706
690 707
690 708
690 728
690 745
690 746
690 747
690 748
690 749
690 975
691 692
691 693
691 703
691 704
691 705
691 706
691 707
691 708
691 745
691 746
691 747
691 748
691 975
692 693
692 694
692 703
692 704
692 705
692 706
692 730
692 743
692 744
692 745
692 746
693 694
693 695
693 701
693 702
693 703
693 704
693 705
693 743
693 744
693 745
693 746
694 695
694 696
694 701
694 702
694 703
694 704
694 741
694 742
694 743
694 744
695 696
695 697
695 699
695 700
695 701
695 702
695 741
695 742
695 743
695 744
696 697
696 698
696 699
696 700
696 701
696 739
696 740
696 741
696 742
697 698
697 699
697 741
697 742
697 822
698 699
698 700
699 700
699 701
700 701
700 702
700 979
700 980
700 981
700 982
701 702
701 703
701 979
702 703
702 704
702 977
702 978
702 979
703 704
703 705
703 706
703 712
703 975
703 976
703 977
703 978
704 705
704 706
704 711
704 712
704 715
704 719
705 706
705 707
705 708
705 709
705 710
705 711
705 712
705 720
705 721
706 707
706 708
706 709
706 710
706 711
706 712
706 973
706 975
707 708
707 709
707 710
707 973
707 974
708 709
708 710
708 721
708 722
708 723
708 724
708 728
709 710
709 711
709 720
709 721
709 722
709 723
710 711
710 712
710 721
711 712
711 713
711 715
711 720
711 721
712 713
712 714
712 715
713 714
713 715
714 715
714 716
715 716
715 717
715 719
716 717
716 718
716 719
717 718
717 719
717 720
718 719
718 720
718 731
718 732
718 733
718 734
719 720
719 721
719 730
719 731
719 732
719 733
720 721
720 722
720 730
720 731
720 732
720 733
721 722
721 723
721 728
721 729
721 730
721 731
722 723
722 724
722 728
722 729
722 730
723 724
723 725
723 727
723 728
723 729
724 725
724 726
724 727
724 728
725 726
725 727
725 728
726 727
726 728
727 728
727 729
728 729
728 730
729 730
729 731
730 731
730 732
731 732
731 733
732 733
732 734
732 735
733 734
733 735
734 735
734 736
735 736
735 737
735 739
736 737
736 738
736 739
736 740
737 738
737 739
737 740
737 763
737 825
737 826
737 828
738 739
738 740
738 825
739 740
739 741
739 761
740 741
740 742
740 761
740 762
740 763
740 823
740 824
740 825
741 742
741 743
741 760
741 761
741 762
742 743
742 744
742 758
742 759
742 760
742 761
743 744
743 745
743 758
743 759
743 760
743 761
744 745
744 746
744 755
744 756
744 757
744 758
744 759
745 746
745 747
745 755
745 756
745 758
746 747
746 748
746 753
746 754
746 755
746 756
746 975
747 748
747 749
747 750
747 753
747 754
747 755
747 974
747 975
748 749
748 750
748 751
748 752
748 753
748 754
748 974
748 975
749 750
749 751
749 753
749 974
750 751
750 752
750 753
751 752
751 753
751 754
751 930
752 753
752 754
752 918
752 930
752 931
752 932
753 754
753 755
753 918
754 755
754 756
754 917
754 918
755 756
755 757
755 916
755 917
756 757
756 758
757 758
757 759
757 915
758 759
758 760
758 915
759 760
759 761
760 761
760 762
761 762
761 763
762 763
762 764
762 823
763 764
763 765
763 823
763 828
764 765
764 766
765 766
765 767
765 797
765 828
766 767
766 768
766 797
767 768
767 769
767 796
767 797
767 798
767 857
768 769
768 770
768 795
768 796
768 797
768 798
768 829
768 857
769 770
769 771
769 795
769 796
769 797
769 857
769 858
770 771
770 772
770 793
770 794
770 795
770 796
770 797
771 772
771 773
771 792
771 793
771 794
771 795
771 796
772 773
772 774
772 791
772 792
772 793
772 794
772 862
772 863
772 864
773 774
773 775
773 791
773 792
773 793
773 864
773 1013
774 775
774 776
774 789
774 790
774 791
774 792
774 851
774 864
774 865
774 866
774 1002
774 1003
775 776
775 777
775 789
775 790
775 791
775 1000
775 1001
775 1002
775 1003
776 777
776 778
776 788
776 789
776 790
776 866
776 868
776 871
776 1000
776 1002
776 1003
777 778
777 779
777 781
777 782
777 787
777 788
777 789
777 790
777 1000
778 779
778 780
778 781
778 782
778 787
778 998
778 999
778 1000
778 1001
779 780
779 781
779 782
779 783
780 781
780 782
780 783
780 784
780 998
781 782
781 783
781 784
781 785
781 786
781 787
781 998
782 783
782 784
782 785
782 786
782 787
782 840
783 784
783 785
783 786
784 785
784 786
785 786
785 787
785 839
785 840
786 787
786 788
786 837
786 838
786 839
786 840
787 788
787 789
787 837
787 838
787 839
787 840
787 843
788 789
788 790
788 835
788 836
788 837
788 838
789 790
789 791
789 835
789 836
789 837
790 791
790 792
790 833
790 834
790 835
790 836
791 792
791 793
791 833
791 834
791 835
791 851
792 793
792 794
792 831
792 832
792 833
792 834
792 1056
793 794
793 795
793 796
793 831
793 832
793 833
793 834
794 795
794 796
794 830
794 831
794 832
795 796
795 797
795 827
795 829
795 830
795 831
796 797
796 798
796 799
796 829
796 830
796 831
797 798
797 799
797 800
797 828
797 829
797 830
798 799
798 800
798 801
798 829
798 830
798 856
799 800
799 801
799 830
800 801
800 802
800 855
801 802
801 803
801 853
801 854
801 855
801 856
802 803
802 804
802 853
802 854
802 855
803 804
803 805
803 834
803 851
803 852
803 853
803 854
804 805
804 806
804 812
804 813
804 851
804 852
804 853
805 806
805 807
805 811
805 812
805 813
805 816
805 836
805 849
805 850
805 851
805 852
806 807
806 808
806 809
806 810
806 811
806 812
806 813
806 849
806 850
806 851
806 852
807 808
807 809
807 810
807 811
807 812
807 813
807 846
807 847
807 848
807 849
807 850
808 809
808 810
808 811
808 846
808 847
808 848
808 849
809 810
809 811
809 848
810 811
810 812
810 850
811 812
811 813
812 813
812 814
813 814
813 815
813 816
814 815
814 816
815 816
815 817
815 836
815 837
816 817
816 818
816 834
816 835
816 836
816 837
817 818
817 819
817 833
817 834
817 835
817 836
818 819
818 820
818 832
818 833
818 834
818 835
819 820
819 821
819 832
819 833
819 834
819 1042
819 1043
819 1044
819 1045
820 821
820 822
820 830
820 831
820 832
820 833
820 1042
820 1043
821 822
821 823
821 824
821 830
821 831
821 832
821 1041
821 1042
821 1043
822 823
822 824
822 830
822 831
823 824
823 825
823 828
823 829
823 830
824 825
824 826
824 827
824 828
824 829
824 830
825 826
825 827
825 828
826 827
826 828
827 828
827 829
828 829
828 830
829 830
829 831
830 831
830 832
831 832
831 833
831 1040
832 833
832 834
832 1042
833 834
833 835
833 1042
833 1054
834 835
834 836
835 836
835 837
836 837
836 838
837 838
837 839
838 839
838 840
838 842
838 843
839 840
839 841
839 842
839 843
840 841
840 842
840 843
840 844
841 842
841 843
841 844
841 845
842 843
842 844
842 845
842 846
843 844
843 845
843 846
844 845
844 846
844 847
845 846
845 847
846 847
846 848
847 848
847 849
847 867
847 868
847 869
848 849
848 850
848 865
848 866
848 867
848 868
849 850
849 851
849 865
849 866
849 867
849 868
850 851
850 852
850 863
850 864
850 865
850 866
851 852
851 853
851 863
851 864
851 865
852 853
852 854
852 861
852 862
852 863
852 864
853 854
853 855
853 861
853 862
853 863
854 855
854 856
854 858
854 859
854 860
854 861
854 862
855 856
855 857
855 858
855 859
855 861
856 857
856 858
856 859
857 858
857 859
858 859
858 860
858 861
858 862
859 860
859 861
860 861
860 862
861 862
861 863
862 863
862 864
863 864
863 865
864 865
864 866
865 866
865 867
866 867
866 868
866 1003
867 868
867 869
867 870
867 871
868 869
868 870
868 871
869 870
869 871
870 871
870 1004
870 1091
870 1092
871 1003
871 1004
871 1089
871 1091
871 1092
872 873
872 874
872 897
873 874
873 875
873 895
873 896
873 897
873 898
874 875
874 876
874 895
874 896
874 897
874 980
875 876
875 877
875 893
875 894
875 895
875 896
875 967
875 968
875 979
875 980
875 981
876 877
876 878
876 893
876 894
876 895
876 980
876 981
876 982
877 878
877 879
877 891
877 892
877 893
877 894
877 966
877 967
877 980
877 981
877 982
877 983
878 879
878 880
878 891
878 892
878 893
878 894
878 982
878 983
879 880
879 881
879 889
879 890
879 891
879 892
879 983
880 881
880 882
880 891
880 983
880 984
880 985
881 882
881 883
881 984
881 985
881 986
881 1023
881 1077
882 883
882 884
882 985
882 986
882 987
882 988
882 992
882 1023
882 1077
883 884
883 885
883 887
883 888
883 889
883 957
883 985
883 986
883 987
883 988
883 989
884 885
884 886
884 887
884 957
884 987
884 988
884 989
884 990
885 886
885 887
885 956
885 957
885 958
885 959
885 987
885 988
885 989
886 887
886 888
886 955
886 956
886 957
886 958
887 888
887 889
887 955
887 956
887 957
888 889
888 890
888 953
888 954
888 955
888 956
888 957
889 890
889 891
889 952
889 953
889 954
889 955
890 891
890 892
890 951
890 952
890 953
890 954
891 892
891 893
891 951
891 952
891 953
892 893
892 894
892 949
892 950
892 951
892 952
893 894
893 895
893 949
893 950
893 951
893 967
893 980
894 895
894 896
894 948
894 949
894 950
895 896
895 897
895 900
895 948
895 949
895 950
896 897
896 898
896 948
897 898
897 899
898 899
898 900
899 900
899 901
899 902
899 903
900 901
900 902
900 903
900 924
900 945
900 948
901 902
901 903
901 904
901 924
901 925
901 945
902 903
902 904
902 924
903 904
903 905
903 923
903 924
903 969
903 970
904 905
904 906
904 921
904 922
904 923
904 924
904 969
904 970
905 906
905 907
905 921
905 922
905 923
905 924
905 950
905 967
905 968
905 969
905 970
906 907
906 908
906 918
906 919
906 920
906 921
906 922
906 967
906 968
906 969
906 970
907 908
907 909
907 918
907 919
907 920
907 921
907 952
907 965
907 966
907 967
907 968
908 909
908 910
908 916
908 917
908 918
908 919
908 920
908 965
908 966
908 967
908 968
909 910
909 911
909 916
909 917
909 918
909 919
909 963
909 964
909 965
909 966
910 911
910 912
910 913
910 914
910 915
910 916
910 917
910 963
910 964
910 965
911 912
911 913
911 914
911 915
911 916
911 917
911 962
911 963
911 964
912 913
912 914
912 915
912 962
912 963
912 964
913 914
913 915
914 915
914 916
915 916
915 917
916 917
916 918
917 918
917 919
918 919
918 920
918 932
919 920
919 921
919 931
919 932
919 935
920 921
920 922
920 929
920 930
920 931
920 932
920 940
920 941
921 922
921 923
921 928
921 929
921 930
921 931
921 941
922 923
922 924
922 925
922 926
922 927
922 928
922 929
922 930
922 941
922 942
923 924
923 925
923 926
923 927
923 928
923 929
924 925
924 926
925 926
925 927
925 928
926 927
926 928
926 929
926 942
926 943
927 928
927 929
928 929
928 930
929 930
929 931
929 941
930 931
930 932
931 932
931 933
931 935
931 936
931 939
932 933
932 934
932 935
932 936
933 934
933 935
933 936
934 935
934 936
935 936
935 937
935 938
935 939
936 937
936 938
936 939
937 938
937 939
937 940
938 939
938 940
938 953
938 954
938 955
938 956
938 957
939 940
939 941
939 952
939 953
939 954
939 955
940 941
940 942
940 952
940 953
940 954
941 942
941 943
941 950
941 951
941 952
941 953
942 943
942 944
942 950
942 951
942 952
943 944
943 945
943 948
943 949
943 950
943 951
944 945
944 946
944 947
944 948
944 949
944 950
945 946
945 947
945 948
945 949
945 950
946 947
946 948
947 948
947 949
948 949
948 950
949 950
949 951
950 951
950 952
950 967
951 952
951 953
952 953
952 954
953 954
953 955
954 955
954 956
954 957
955 956
955 957
956 957
956 958
957 958
957 959
957 961
957 987
958 959
958 960
958 961
958 962
958 987
959 960
959 961
959 962
959 986
959 987
959 988
960 961
960 962
960 987
961 962
961 963
961 986
961 987
962 963
962 964
962 985
962 986
962 987
963 964
963 965
963 984
963 985
963 986
964 965
964 966
964 982
964 983
964 984
964 985
965 966
965 967
965 982
965 983
965 984
965 985
966 967
966 968
966 979
966 980
966 981
966 982
966 983
967 968
967 969
967 979
967 980
967 982
968 969
968 970
968 976
968 977
968 978
968 979
968 980
969 970
969 971
969 976
969 977
969 978
969 979
970 971
970 972
970 973
970 974
970 975
970 976
970 977
970 978
971 972
971 973
971 974
971 975
971 976
971 977
971 978
972 973
972 974
972 975
973 974
973 975
974 975
974 976
975 976
975 977
976 977
976 978
976 979
977 978
977 979
978 979
978 980
979 980
979 981
980 981
980 982
981 982
981 983
982 983
982 984
983 984
983 985
984 985
984 986
984 1024
984 1025
985 986
985 987
986 987
986 988
986 1023
986 1024
987 988
987 989
988 989
988 990
988 991
989 990
989 991
990 991
990 992
990 1049
991 992
991 993
991 1022
992 993
992 994
992 1021
992 1022
992 1023
992 1077
992 1078
993 994
993 995
993 1020
993 1021
993 1022
993 1023
993 1078
994 995
994 996
994 1020
994 1021
994 1022
994 1075
994 1078
994 1080
995 996
995 997
995 1018
995 1019
995 1020
995 1021
995 1022
995 1075
996 997
996 998
996 1018
996 1019
996 1020
996 1021
997 998
997 999
997 1016
997 1017
997 1018
997 1019
997 1073
997 1082
997 1084
998 999
998 1000
998 1016
998 1017
998 1018
998 1084
999 1000
999 1001
999 1015
999 1016
999 1017
999 1071
999 1084
999 1085
999 1086
999 1087
1000 1001
1000 1002
1000 1014
1000 1015
1000 1016
1000 1017
1000 1086
1001 1002
1001 1003
1001 1014
1001 1015
1001 1086
1001 1087
1001 1088
1001 1089
1002 1003
1002 1004
1002 1006
1002 1007
1002 1012
1002 1013
1002 1014
1002 1088
1002 1089
1003 1004
1003 1005
1003 1006
1003 1007
1003 1089
1004 1005
1004 1006
1004 1088
1004 1089
1004 1090
1004 1091
1005 1006
1005 1007
1006 1007
1006 1008
1007 1008
1007 1009
1008 1009
1008 1010
1008 1012
1009 1010
1009 1011
1009 1012
1009 1061
1010 1011
1010 1012
1010 1060
1010 1061
1010 1062
1011 1012
1011 1013
1011 1058
1011 1059
1011 1060
1011 1061
1012 1013
1012 1014
1012 1058
1012 1059
1012 1060
1012 1061
1012 1064
1013 1014
1013 1015
1013 1056
1013 1057
1013 1058
1013 1059
1013 1060
1014 1015
1014 1016
1014 1056
1014 1057
1014 1058
1014 1059
1015 1016
1015 1017
1015 1054
1015 1055
1015 1056
1015 1057
1015 1071
1016 1017
1016 1018
1016 1054
1016 1055
1016 1056
1016 1071
1017 1018
1017 1019
1017 1052
1017 1053
1017 1054
1017 1055
1018 1019
1018 1020
1018 1021
1018 1052
1018 1053
1018 1054
1019 1020
1019 1021
1019 1050
1019 1051
1019 1052
1019 1053
1020 1021
1020 1022
1020 1050
1020 1051
1020 1052
1021 1022
1021 1023
1021 1024
1021 1050
1021 1051
1021 1052
1022 1023
1022 1024
1022 1025
1022 1049
1022 1050
1022 1051
1022 1077
1023 1024
1023 1025
1023 1050
1023 1051
1023 1077
1024 1025
1024 1026
1024 1051
1025 1026
1025 1027
1025 1075
1025 1076
1026 1027
1026 1028
1026 1073
1026 1074
1026 1075
1026 1076
1027 1028
1027 1029
1027 1072
1027 1073
1027 1074
1027 1075
1028 1029
1028 1030
1028 1041
1028 1055
1028 1071
1028 1072
1028 1073
1028 1074
1029 1030
1029 1031
1029 1032
1029 1033
1029 1035
1029 1071
1029 1072
1029 1073
1030 1031
1030 1032
1030 1033
1030 1034
1030 1035
1030 1036
1030 1069
1030 1070
1030 1071
1030 1072
1031 1032
1031 1033
1031 1034
1031 1035
1031 1068
1031 1069
1031 1070
1031 1071
1031 1072
1032 1033
1032 1034
1032 1035
1032 1070
1032 1071
1032 1072
1033 1034
1033 1035
1033 1036
1034 1035
1034 1036
1035 1036
1035 1037
1035 1039
1036 1037
1036 1038
1036 1039
1037 1038
1037 1039
1037 1057
1037 1059
1038 1039
1038 1040
1038 1057
1038 1058
1038 1059
1039 1040
1039 1041
1039 1055
1039 1056
1039 1057
1039 1058
1039 1059
1040 1041
1040 1042
1040 1055
1040 1056
1040 1057
1041 1042
1041 1043
1041 1053
1041 1054
1041 1055
1041 1056
1042 1043
1042 1044
1042 1053
1042 1054
1042 1055
1043 1044
1043 1045
1043 1053
1044 1045
1044 1046
1044 1051
1044 1052
1044 1053
1044 1054
1045 1046
1045 1047
1045 1051
1045 1052
1045 1053
1046 1047
1046 1048
1046 1049
1046 1050
1046 1051
1046 1052
1047 1048
1047 1049
1047 1050
1047 1051
1048 1049
1048 1050
1049 1050
1049 1051
1050 1051
1050 1052
1051 1052
1051 1053
1052 1053
1052 1054
1053 1054
1053 1055
1054 1055
1054 1056
1055 1056
1055 1057
1056 1057
1056 1058
1057 1058
1057 1059
1058 1059
1058 1060
1059 1060
1059 1061
1059 1064
1060 1061
1060 1062
1060 1064
1061 1062
1061 1063
1061 1064
1062 1063
1062 1064
1063 1064
1063 1065
1063 1066
1064 1065
1064 1066
1064 1067
1064 1069
1065 1066
1065 1067
1065 1068
1065 1087
1065 1088
1066 1067
1066 1068
1067 1068
1067 1069
1068 1069
1068 1070
1068 1085
1068 1086
1069 1070
1069 1071
1069 1085
1069 1086
1070 1071
1070 1072
1070 1083
1070 1084
1070 1085
1070 1086
1071 1072
1071 1073
1071 1082
1071 1083
1071 1084
1071 1085
1071 1086
1072 1073
1072 1074
1072 1081
1072 1082
1072 1083
1072 1084
1073 1074
1073 1075
1073 1080
1073 1081
1073 1082
1073 1083
1074 1075
1074 1076
1074 1079
1074 1080
1074 1081
1074 1082
1075 1076
1075 1077
1075 1078
1075 1079
1075 1080
1075 1081
1076 1077
1076 1078
1076 1079
1076 1080
1077 1078
1077 1079
1078 1079
1078 1080
1079 1080
1079 1081
1080 1081
1080 1082
1081 1082
1081 1083
1082 1083
1082 1084
1083 1084
1083 1085
1084 1085
1084 1086
1085 1086
1085 1087
1086 1087
1086 1088
1087 1088
1087 1089
1088 1089
1088 1090
1089 1090
1089 1091
1090 1091
1090 1092
1091 1092
1091 1093
1091 1094
1092 1093
1092 1094
1093 1094
1093 1095
1094 1095
1094 1096
1095 1096
1095 1097
1096 1097
1096 1098
1096 1099
1097 1098
1097 1099
1098 1099
1098 1100
1098 1101
1099 1100
1099 1101
1100 1101
1100 1102
1101 1102
1101 1103
1102 1103
1102 1104
1102 1105
1103 1104
1103 1105
1103 1201
1104 1105
1104 1106
1104 1107
1104 1201
1104 1202
1105 1106
1105 1107
1105 1201
1105 1202
1105 1203
1106 1107
1106 1108
1106 1200
1106 1201
1106 1202
1106 1203
1106 1204
1107 1108
1107 1109
1107 1200
1107 1201
1108 1109
1108 1110
1109 1110
1109 1111
1109 1137
1109 1138
1109 1200
1110 1111
1110 1112
1110 1135
1110 1136
1110 1137
1110 1138
1111 1112
1111 1113
1111 1135
1111 1136
1111 1137
1112 1113
1112 1114
1112 1133
1112 1134
1112 1135
1112 1136
1112 1195
1112 1204
1112 1205
1112 1206
1113 1114
1113 1115
1113 1133
1113 1134
1113 1135
1113 1206
1114 1115
1114 1116
1114 1131
1114 1132
1114 1133
1114 1134
1114 1193
1114 1206
1114 1207
1114 1208
1115 1116
1115 1117
1115 1131
1115 1132
1115 1133
1115 1208
1116 1117
1116 1118
1116 1130
1116 1131
1116 1132
1116 1208
1116 1209
1117 1118
1117 1119
1117 1121
1117 1122
1117 1129
1117 1130
1117 1131
1117 1132
1118 1119
1118 1120
1118 1121
1118 1122
1118 1129
1119 1120
1119 1121
1119 1122
1119 1123
1119 1248
1119 1249
1119 1250
1119 1301
1120 1121
1120 1122
1120 1123
1120 1124
1120 1127
1120 1249
1120 1250
1120 1300
1121 1122
1121 1123
1121 1124
1121 1125
1121 1126
1121 1127
1121 1128
1121 1129
1121 1130
1122 1123
1122 1124
1122 1125
1122 1127
1122 1128
1122 1129
1122 1182
1122 1183
1122 1185
1122 1186
1123 1124
1123 1125
1123 1182
1123 1300
1123 1301
1123 1302
1123 1307
1124 1125
1124 1126
1124 1127
1124 1182
1124 1307
1125 1126
1125 1127
1125 1128
1125 1182
1126 1127
1126 1128
1127 1128
1127 1129
1128 1129
1128 1130
1128 1179
1128 1180
1128 1182
1129 1130
1129 1131
1129 1179
1129 1180
1129 1181
1129 1182
1130 1131
1130 1132
1130 1177
1130 1178
1130 1179
1130 1180
1131 1132
1131 1133
1131 1177
1131 1178
1131 1179
1131 1180
1132 1133
1132 1134
1132 1175
1132 1176
1132 1177
1132 1178
1133 1134
1133 1135
1133 1175
1133 1176
1133 1177
1133 1193
1134 1135
1134 1136
1134 1173
1134 1174
1134 1175
1134 1176
1135 1136
1135 1137
1135 1173
1135 1174
1135 1175
1136 1137
1136 1138
1136 1172
1136 1173
1136 1174
1137 1138
1137 1139
1137 1171
1137 1172
1137 1173
1138 1139
1138 1140
1138 1142
1138 1143
1138 1171
1138 1172
1138 1173
1139 1140
1139 1141
1139 1142
1139 1143
1139 1170
1139 1171
1139 1172
1140 1141
1140 1142
1140 1143
1140 1171
1140 1172
1141 1142
1141 1143
1142 1143
1142 1144
1142 1145
1142 1197
1142 1198
1142 1199
1143 1144
1143 1145
1144 1145
1144 1146
1144 1197
1145 1146
1145 1147
1145 1195
1145 1196
1145 1197
1146 1147
1146 1148
1146 1194
1146 1195
1146 1196
1146 1197
1147 1148
1147 1149
1147 1158
1147 1176
1147 1193
1147 1194
1147 1195
1147 1196
1148 1149
1148 1150
1148 1157
1148 1158
1148 1192
1148 1193
1148 1194
1148 1195
1149 1150
1149 1151
1149 1155
1149 1156
1149 1157
1149 1158
1149 1159
1149 1178
1149 1191
1149 1192
1149 1193
1149 1194
1150 1151
1150 1152
1150 1153
1150 1154
1150 1155
1150 1156
1150 1157
1150 1190
1150 1191
1150 1192
1150 1193
1151 1152
1151 1153
1151 1154
1151 1155
1151 1156
1151 1189
1151 1190
1151 1191
1151 1192
1152 1153
1152 1154
1152 1189
1152 1190
1152 1191
1152 1192
1153 1154
1153 1155
1153 1190
1153 1191
1153 1192
1154 1155
1154 1156
1155 1156
1155 1157
1156 1157
1156 1158
1156 1159
1157 1158
1157 1159
1158 1159
1158 1160
1158 1161
1159 1160
1159 1161
1159 1178
1159 1179
1160 1161
1160 1162
1160 1178
1160 1179
1161 1162
1161 1163
1161 1176
1161 1177
1161 1178
1161 1179
1162 1163
1162 1164
1162 1176
1162 1177
1162 1178
1163 1164
1163 1165
1163 1174
1163 1175
1163 1176
1163 1177
1164 1165
1164 1166
1164 1174
1164 1175
1164 1176
1165 1166
1165 1167
1165 1172
1165 1173
1165 1174
1165 1175
1166 1167
1166 1168
1166 1172
1166 1173
1166 1174
1166 1175
1167 1168
1167 1169
1167 1170
1167 1171
1167 1172
1167 1173
1168 1169
1168 1170
1168 1171
1168 1172
1168 1173
1169 1170
1169 1171
1170 1171
1170 1172
1171 1172
1171 1173
1172 1173
1172 1174
1173 1174
1173 1175
1174 1175
1174 1176
1175 1176
1175 1177
1176 1177
1176 1178
1177 1178
1177 1179
1178 1179
1178 1180
1179 1180
1179 1181
1180 1181
1180 1182
1180 1184
1180 1185
1181 1182
1181 1183
1181 1184
1181 1185
1182 1183
1182 1184
1182 1185
1182 1186
1183 1184
1183 1185
1183 1186
1183 1187
1184 1185
1184 1186
1184 1187
1184 1188
1184 1189
1185 1186
1185 1187
1185 1188
1185 1189
1185 1190
1185 1209
1185 1210
1186 1187
1186 1188
1186 1189
1186 1210
1187 1188
1187 1189
1187 1210
1188 1189
1188 1190
1188 1209
1188 1210
1188 1211
1188 1212
1189 1190
1189 1191
1189 1209
1189 1210
1190 1191
1190 1192
1190 1207
1190 1208
1190 1209
1191 1192
1191 1193
1191 1207
1191 1208
1191 1209
1192 1193
1192 1194
1192 1205
1192 1206
1192 1207
1192 1208
1193 1194
1193 1195
1193 1205
1193 1206
1193 1207
1194 1195
1194 1196
1194 1203
1194 1204
1194 1205
1194 1206
1195 1196
1195 1197
1195 1203
1195 1204
1195 1205
1196 1197
1196 1198
1196 1200
1196 1202
1196 1203
1196 1204
1197 1198
1197 1199
1197 1200
1197 1203
1198 1199
1198 1200
1198 1201
1199 1200
1199 1201
1200 1201
1200 1202
1200 1203
1201 1202
1201 1203
1202 1203
1202 1204
1203 1204
1203 1205
1204 1205
1204 1206
1205 1206
1205 1207
1206 1207
1206 1208
1207 1208
1207 1209
1208 1209
1208 1210
1209 1210
1209 1211
1210 1211
1210 1212
1211 1212
1211 1213
1212 1213
1212 1214
1213 1214
1213 1215
1213 1245
1213 1246
1214 1215
1214 1216
1214 1245
1214 1246
1215 1216
1215 1217
1215 1244
1215 1245
1215 1246
1215 1303
1216 1217
1216 1218
1216 1243
1216 1244
1216 1245
1216 1246
1216 1275
1216 1303
1217 1218
1217 1219
1217 1243
1217 1244
1217 1245
1217 1301
1217 1303
1217 1304
1218 1219
1218 1220
1218 1241
1218 1242
1218 1243
1218 1244
1218 1245
1218 1301
1218 1303
1218 1304
1219 1220
1219 1221
1219 1241
1219 1242
1219 1243
1219 1244
1220 1221
1220 1222
1220 1239
1220 1240
1220 1241
1220 1242
1220 1299
1220 1311
1221 1222
1221 1223
1221 1239
1221 1240
1221 1241
1221 1311
1222 1223
1222 1224
1222 1237
1222 1238
1222 1239
1222 1240
1222 1297
1222 1311
1222 1312
1222 1313
1223 1224
1223 1225
1223 1237
1223 1238
1223 1239
1223 1240
1224 1225
1224 1226
1224 1236
1224 1237
1224 1238
1225 1226
1225 1227
1225 1229
1225 1230
1225 1235
1225 1236
1225 1237
1225 1238
1226 1227
1226 1228
1226 1229
1226 1230
1226 1236
1227 1228
1227 1229
1227 1230
1228 1229
1228 1230
1228 1231
1229 1230
1229 1231
1229 1232
1229 1235
1230 1231
1230 1232
1230 1235
1230 1286
1231 1232
1231 1233
1232 1233
1232 1234
1232 1235
1232 1286
1233 1234
1233 1235
1233 1285
1233 1286
1233 1287
1234 1235
1234 1236
1234 1283
1234 1284
1234 1285
1234 1286
1235 1236
1235 1237
1235 1283
1235 1284
1235 1285
1235 1286
1235 1289
1236 1237
1236 1238
1236 1281
1236 1282
1236 1283
1236 1284
1237 1238
1237 1239
1237 1281
1237 1282
1237 1283
1237 1284
1238 1239
1238 1240
1238 1279
1238 1280
1238 1281
1238 1282
1239 1240
1239 1241
1239 1279
1239 1280
1239 1281
1239 1297
1240 1241
1240 1242
1240 1277
1240 1278
1240 1279
1240 1280
1241 1242
1241 1243
1241 1244
1241 1277
1241 1278
1241 1279
1242 1243
1242 1244
1242 1275
1242 1276
1242 1277
1242 1278
1243 1244
1243 1245
1243 1271
1243 1275
1243 1276
1243 1277
1244 1245
1244 1246
1244 1247
1244 1275
1244 1276
1244 1277
1245 1246
1245 1247
1245 1248
1245 1275
1245 1276
1245 1303
1246 1247
1246 1248
1246 1249
1246 1275
1246 1276
1247 1248
1247 1249
1247 1268
1247 1275
1247 1276
1248 1249
1248 1250
1248 1301
1249 1250
1249 1251
1249 1299
1249 1300
1249 1301
1249 1302
1250 1251
1250 1252
1250 1299
1250 1300
1250 1301
1251 1252
1251 1253
1251 1265
1251 1280
1251 1297
1251 1298
1251 1299
1251 1300
1252 1253
1252 1254
1252 1259
1252 1260
1252 1263
1252 1280
1252 1297
1252 1298
1252 1299
1253 1254
1253 1255
1253 1259
1253 1260
1253 1261
1253 1263
1253 1282
1253 1295
1253 1296
1253 1297
1253 1298
1254 1255
1254 1256
1254 1257
1254 1258
1254 1259
1254 1260
1254 1294
1254 1295
1254 1296
1254 1297
1254 1298
1255 1256
1255 1257
1255 1258
1255 1259
1255 1260
1255 1293
1255 1294
1255 1295
1255 1296
1256 1257
1256 1258
1256 1293
1256 1294
1256 1295
1257 1258
1257 1259
1258 1259
1258 1260
1259 1260
1259 1261
1260 1261
1260 1262
1260 1263
1261 1262
1261 1263
1262 1263
1262 1264
1262 1282
1262 1283
1262 1284
1263 1264
1263 1265
1263 1280
1263 1281
1263 1282
1263 1283
1264 1265
1264 1266
1264 1280
1264 1281
1264 1282
1265 1266
1265 1267
1265 1278
1265 1279
1265 1280
1265 1281
1266 1267
1266 1268
1266 1278
1266 1279
1266 1280
1267 1268
1267 1269
1267 1278
1268 1269
1268 1270
1268 1276
1268 1277
1268 1278
1269 1270
1269 1271
1269 1276
1269 1277
1269 1278
1270 1271
1270 1272
1270 1274
1270 1275
1270 1276
1270 1277
1271 1272
1271 1273
1271 1274
1271 1275
1271 1276
1271 1277
1272 1273
1272 1274
1272 1275
1273 1274
1273 1275
1274 1275
1274 1276
1275 1276
1275 1277
1276 1277
1276 1278
1277 1278
1277 1279
1278 1279
1278 1280
1279 1280
1279 1281
1280 1281
1280 1282
1281 1282
1281 1283
1282 1283
1282 1284
1283 1284
1283 1285
1284 1285
1284 1286
1284 1288
1284 1289
1285 1286
1285 1287
1285 1288
1285 1289
1286 1287
1286 1288
1286 1289
1286 1290
1287 1288
1287 1289
1287 1290
1287 1291
1288 1289
1288 1290
1288 1291
1288 1292
1288 1293
1289 1290
1289 1291
1289 1292
1289 1293
1289 1315
1290 1291
1290 1292
1290 1315
1291 1292
1291 1293
1292 1293
1292 1294
1292 1314
1292 1315
1293 1294
1293 1295
1294 1295
1294 1296
1294 1312
1294 1313
1295 1296
1295 1297
1295 1312
1295 1313
1296 1297
1296 1298
1296 1310
1296 1311
1296 1312
1296 1313
1297 1298
1297 1299
1297 1310
1297 1311
1297 1312
1298 1299
1298 1300
1298 1308
1298 1309
1298 1310
1298 1311
1299 1300
1299 1301
1299 1308
1299 1309
1299 1310
1300 1301
1300 1302
1300 1304
1300 1307
1300 1308
1300 1309
1301 1302
1301 1303
1301 1304
1301 1307
1301 1308
1302 1303
1302 1304
1302 1307
1303 1304
1303 1305
1303 1307
1304 1305
1304 1306
1304 1307
1304 1308
1304 1309
1305 1306
1305 1307
1305 1308
1305 1309
1306 1307
1306 1308
1306 1309
1307 1308
1307 1309
1308 1309
1308 1310
1309 1310
1309 1311
1310 1311
1310 1312
1311 1312
1311 1313
1312 1313
1312 1314
1313 1314
1313 1315
1314 1315
